1.224646799147353256e-15 -2.000000000000000000e+01 0.000000000000000000e+00
7.058292781170523167e-01 -1.998754124523956222e+01 0.000000000000000000e+00
1.410779180846219560e+00 -1.995018050301527524e+01 0.000000000000000000e+00
2.113971428391861807e+00 -1.988796432015963944e+01 0.000000000000000000e+00
2.814529930777809774e+00 -1.980097021028908699e+01 0.000000000000000000e+00
3.511581879346415747e+00 -1.968930655723166723e+01 0.000000000000000000e+00
4.204258834169424475e+00 -1.955311247999428659e+01 0.000000000000000000e+00
4.891697806015998573e+00 -1.939255765943776311e+01 0.000000000000000000e+00
5.573042331529844517e+00 -1.920784212687558323e+01 0.000000000000000000e+00
6.247443540275882334e+00 -1.899919601485981602e+01 0.000000000000000000e+00
6.914061212327126782e+00 -1.876687927046458881e+01 0.000000000000000000e+00
7.572064825074069638e+00 -1.851118133142442090e+01 0.000000000000000000e+00
8.220634587952437400e+00 -1.823242076553083635e+01 0.000000000000000000e+00
8.858962463800160947e+00 -1.793094487373657131e+01 0.000000000000000000e+00
9.486253175571043528e+00 -1.760712925746182833e+01 0.000000000000000000e+00
1.010172519715094808e+01 -1.726137735064168055e+01 0.000000000000000000e+00
1.070461172704198916e+01 -1.689411991709764038e+01 0.000000000000000000e+00
1.129416164370173625e+01 -1.650581451385954779e+01 0.000000000000000000e+00
1.186964044134712637e+01 -1.609694492110651609e+01 0.000000000000000000e+00
1.243033114505719006e+01 -1.566802053943704820e+01 0.000000000000000000e+00
1.297553520403452332e+01 -1.521957575521935446e+01 0.000000000000000000e+00
1.350457336191261071e+01 -1.475216927481244511e+01 0.000000000000000000e+00
1.401678650302466167e+01 -1.426638342848760388e+01 0.000000000000000000e+00
1.451153647357965326e+01 -1.376282344491737675e+01 0.000000000000000000e+00
1.498820687672250251e+01 -1.324211669713600870e+01 0.000000000000000000e+00
1.544620384048777773e+01 -1.270491192091077082e+01 0.000000000000000000e+00
1.588495675769021886e+01 -1.215187840649797835e+01 0.000000000000000000e+00
1.630391899683024093e+01 -1.158370516479066836e+01 0.000000000000000000e+00
1.670256858312871273e+01 -1.100110006889682523e+01 0.000000000000000000e+00
1.708040884884252719e+01 -1.040478897221764498e+01 0.000000000000000000e+00
1.743696905205077385e+01 -9.795514804124566766e+00 0.000000000000000000e+00
1.777180496314053926e+01 -9.174036644361812876e+00 0.000000000000000000e+00
1.808449941826170004e+01 -8.541128777327518407e+00 0.000000000000000000e+00
1.837466283906112352e+01 -7.897579727411824457e+00 0.000000000000000000e+00
1.864193371804879007e+01 -7.244191276593650919e+00 0.000000000000000000e+00
1.888597906899111578e+01 -6.581777465520199044e+00 0.000000000000000000e+00
1.910649484177030999e+01 -5.911163579313681637e+00 0.000000000000000000e+00
1.930320630119299352e+01 -5.233185119368812366e+00 0.000000000000000000e+00
1.947586836927600729e+01 -4.548686762422125440e+00 0.000000000000000000e+00
1.962426593058309265e+01 -3.858521308189937216e+00 0.000000000000000000e+00
1.974821410023190538e+01 -3.163548616886079579e+00 0.000000000000000000e+00
1.984755845423757847e+01 -2.464634537943175996e+00 0.000000000000000000e+00
1.992217522190578194e+01 -1.762649831272035117e+00 0.000000000000000000e+00
1.997197144003556701e+01 -1.058469082403260098e+00 0.000000000000000000e+00
1.999688506873997085e+01 -3.529696128625728346e-01 0.000000000000000000e+00
1.999688506873997085e+01 3.529696128625728346e-01 0.000000000000000000e+00
1.997197144003556701e+01 1.058469082403260098e+00 0.000000000000000000e+00
1.992217522190578194e+01 1.762649831272035117e+00 0.000000000000000000e+00
1.984755845423757847e+01 2.464634537943171999e+00 0.000000000000000000e+00
1.974821410023190538e+01 3.163548616886079579e+00 0.000000000000000000e+00
1.962426593058309265e+01 3.858521308189937216e+00 0.000000000000000000e+00
1.947586836927600729e+01 4.548686762422125440e+00 0.000000000000000000e+00
1.930320630119299352e+01 5.233185119368812366e+00 0.000000000000000000e+00
1.910649484177031354e+01 5.911163579313677197e+00 0.000000000000000000e+00
1.888597906899111578e+01 6.581777465520199044e+00 0.000000000000000000e+00
1.864193371804879007e+01 7.244191276593650919e+00 0.000000000000000000e+00
1.837466283906112352e+01 7.897579727411824457e+00 0.000000000000000000e+00
1.808449941826170004e+01 8.541128777327514854e+00 0.000000000000000000e+00
1.777180496314053926e+01 9.174036644361807546e+00 0.000000000000000000e+00
1.743696905205077385e+01 9.795514804124566766e+00 0.000000000000000000e+00
1.708040884884252719e+01 1.040478897221764498e+01 0.000000000000000000e+00
1.670256858312870918e+01 1.100110006889682701e+01 0.000000000000000000e+00
1.630391899683024093e+01 1.158370516479066481e+01 0.000000000000000000e+00
1.588495675769022064e+01 1.215187840649797835e+01 0.000000000000000000e+00
1.544620384048777773e+01 1.270491192091077082e+01 0.000000000000000000e+00
1.498820687672250251e+01 1.324211669713600870e+01 0.000000000000000000e+00
1.451153647357965149e+01 1.376282344491737852e+01 0.000000000000000000e+00
1.401678650302466345e+01 1.426638342848760033e+01 0.000000000000000000e+00
1.350457336191261071e+01 1.475216927481244333e+01 0.000000000000000000e+00
1.297553520403452332e+01 1.521957575521935446e+01 0.000000000000000000e+00
1.243033114505718828e+01 1.566802053943705175e+01 0.000000000000000000e+00
1.186964044134712459e+01 1.609694492110651609e+01 0.000000000000000000e+00
1.129416164370173803e+01 1.650581451385954423e+01 0.000000000000000000e+00
1.070461172704198916e+01 1.689411991709764038e+01 0.000000000000000000e+00
1.010172519715094808e+01 1.726137735064168055e+01 0.000000000000000000e+00
9.486253175571043528e+00 1.760712925746182833e+01 0.000000000000000000e+00
8.858962463800159171e+00 1.793094487373657131e+01 0.000000000000000000e+00
8.220634587952439176e+00 1.823242076553083280e+01 0.000000000000000000e+00
7.572064825074069638e+00 1.851118133142442090e+01 0.000000000000000000e+00
6.914061212327126782e+00 1.876687927046458881e+01 0.000000000000000000e+00
6.247443540275882334e+00 1.899919601485981602e+01 0.000000000000000000e+00
5.573042331529841853e+00 1.920784212687558323e+01 0.000000000000000000e+00
4.891697806016003014e+00 1.939255765943776311e+01 0.000000000000000000e+00
4.204258834169424475e+00 1.955311247999428659e+01 0.000000000000000000e+00
3.511581879346415747e+00 1.968930655723166723e+01 0.000000000000000000e+00
2.814529930777809774e+00 1.980097021028908699e+01 0.000000000000000000e+00
2.113971428391857366e+00 1.988796432015963944e+01 0.000000000000000000e+00
1.410779180846224001e+00 1.995018050301527524e+01 0.000000000000000000e+00
7.058292781170523167e-01 1.998754124523956222e+01 0.000000000000000000e+00
1.224646799147353256e-15 2.000000000000000000e+01 0.000000000000000000e+00
