200.00	91.753
202.00	91.771
204.00	91.789
206.00	91.807
208.00	91.826
210.00	91.844
212.00	91.863
214.00	91.882
216.00	91.902
218.00	91.921
220.00	91.941
222.00	91.961
224.00	91.981
226.00	92.001
228.00	92.021
230.00	92.042
232.00	92.062
234.00	92.083
236.00	92.104
238.00	92.125
240.00	92.146
242.00	92.167
244.00	92.188
246.00	92.209
248.00	92.230
250.00	92.251
252.00	92.272
254.00	92.293
256.00	92.314
258.00	92.335
260.00	92.355
262.00	92.376
264.00	92.396
266.00	92.417
268.00	92.436
270.00	92.456
272.00	92.476
274.00	92.495
276.00	92.513
278.00	92.532
280.00	92.550
282.00	92.567
284.00	92.584
286.00	92.601
288.00	92.617
290.00	92.633
292.00	92.647
294.00	92.662
296.00	92.675
298.00	92.688
300.00	92.700
302.00	92.712
304.00	92.722
306.00	92.732
308.00	92.741
310.00	92.749
312.00	92.756
314.00	92.763
316.00	92.768
318.00	92.772
320.00	92.776
322.00	92.778
324.00	92.780
326.00	92.780
328.00	92.780
330.00	92.779
332.00	92.776
334.00	92.773
336.00	92.768
338.00	92.763
340.00	92.757
342.00	92.749
344.00	92.741
346.00	92.732
348.00	92.722
350.00	92.711
352.00	92.699
354.00	92.687
356.00	92.673
358.00	92.659
360.00	92.644
362.00	92.629
364.00	92.613
366.00	92.596
368.00	92.579
370.00	92.561
372.00	92.542
374.00	92.523
376.00	92.504
378.00	92.484
380.00	92.464
382.00	92.444
384.00	92.424
386.00	92.403
388.00	92.382
390.00	92.360
392.00	92.339
394.00	92.318
396.00	92.296
398.00	92.275
400.00	92.253
402.00	92.232
404.00	92.210
406.00	92.189
408.00	92.168
410.00	92.147
412.00	92.126
414.00	92.105
416.00	92.084
418.00	92.064
420.00	92.044
422.00	92.024
424.00	92.004
426.00	91.985
428.00	91.966
430.00	91.947
432.00	91.928
434.00	91.910
436.00	91.892
438.00	91.875
440.00	91.858
442.00	91.841
444.00	91.824
446.00	91.808
448.00	91.792
450.00	91.777
452.00	91.762
454.00	91.747
456.00	91.733
458.00	91.719
460.00	91.706
462.00	91.693
464.00	91.680
466.00	91.667
468.00	91.655
470.00	91.644
472.00	91.632
474.00	91.621
476.00	91.611
478.00	91.600
480.00	91.590
482.00	91.581
484.00	91.572
486.00	91.563
488.00	91.554
490.00	91.546
492.00	91.538
494.00	91.531
496.00	91.524
498.00	91.517
500.00	91.510